8832
6330
3169
2941
3837
4323
8439
94
2712
2613
494
402
3757
7592
208
2000
5757
8553
2486
7305
8387
6402
7086
8359
5491
4585
6200
7855
762
4581
5063
1291
3957
599
5887
1911
7670
557
4031
8732
7255
7451
3218
3194
5327
3768
7109
2935
8529
678
7527
8311
67
3815
7183
4200
462
2323
6097
6073
1444
3141
1398
5529
5480
6661
980
6158
7143
4537
2239
1166
8178
275
302
7141
2945
2878
3042
6087
7403
3180
3435
244
6945
5555
1665
3514
692
8513
4668
8050
6930
2826
234
4279
2740
8155
4565
1138
1682
5219
6274
5710
578
2733
8454
8164
4144
3575
2410
1440
2469
583
4155
6746
8799
2539
7421
6183
261
817
1111
6940
5936
5896
6369
3239
4008
2180
7224
3297
5961
651
6145
1400
3110
1173
197
5336
515
1461
759
824
3182
8119
7832
5157
1236
4136
633
5602
8175
5984
4620
1300
7242
7824
8739
8476
8365
7204
2499
3162
6452
5161
2963
6920
5957
3769
1206
7236
6938
5118
4558
1899
5449
5126
2914
4773
6284
6486
3551
3789
6255
413
6242
3642
126
2705
6758
8570
4312
3201
7811
4012
2189
5853
4695
13
1456
7497
4344
4014
7886
3309
7482
3096
6387
5028
194
2118
6173
5734
2098
2574
1083
7320
6290
1289
7332
673
6856
8792
2334
642
7275
7519
6356
5986
5603
855
227
1371
2113
7764
4023
8707
6776
1240
3340
4890
4877
8552
7504
3117
6007
774
2922
5810
1729
5340
7509
1844
6076
6931
2496
7769
2816
1328
5030
6937
2665
4333
6642
2516
3178
8602
5119
7465
6313
131
2702
5168
5966
1642
1606
657
1834
7253
2402
522
792
7921
623
7145
7049
659
262
6669
6668
5751
6368
8262
2509
2769
4530
5583
701
589
7797
8096
1885
6383
8742
4058
4900
4541
3794
8585
5959
6784
5022
6836
867
5722
1776
5652
8783
1800
1750
1209
7627
2751
7819
1590
907
2569
0
2642
3655
3696
8508
1128
3456
2560
3617
5293
6660
7267
8232
8743
3750
5935
1390
4975
7939
1443
8637
8662
73
3591
5286
252
3563
5927
3919
3058
5558
6456
5201
8399
3602
3849
5827
542
7288
6026
4640
8626
5883
212
8499
5626
8019
5681
7675
1591
3804
4099
3534
6817
1348
1416
7430
5944
7740
641
3351
2907
4800
742
5384
342
4707
3751
4393
8587
4860
8218
814
8093
5596
3592
5401
214
6571
5343
3299
3631
5196
3440
7599
3348
178
2869
3382
2472
8693
7191
3704
146
6561
6962
7707
7230
3852
2035
4669
3868
943
1784
5104
8804
4867
80
1582
4735
8778
2359
1653
3858
7733
7372
8233
1181
2327
6756
5376
1355
7251
5689
4744
4205
6552
454
5462
3721
6953
736
1228
2337
1235
5746
8723
1271
2460
4428
3894
6531
5512
1699
3972
7199
6840
6034
4569
2636
6358
7346
2663
2994
380
6083
1505
6850
5232
5034
5610
2617
1739
168
8448
4833
5088
3909
3228
4123
7449
8251
7976
310
781
8161
3795
6951
8309
5120
6505
5463
4198
2831
4321
1507
6027
3224
3741
6757
6188
8775
1084
5915
8244
7221
242
3032
6060
1951
8092
548
2069
6061
4426
1493
2731
7263
2190
8810
2025
1985
3596
613
4184
7348
2990
7848
975
2306
1531
1197
6028
5924
1535
3255
7034
5765
4430
7397
5160
5176
1873
6680
5489
5431
4266
3095
7280
4828
4444
4358
3006
4160
6071
8212
8409
3375
942
4345
604
2606
6534
1637
3394
1735
4949
241
5990
3043
1565
7502
4732
5203
2009
2141
1113
3262
2699
1332
4156
8
8165
8256
2716
763
7698
2314
8275
1525
4110
8284
382
3275
7416
311
1257
409
757
6804
8554
3377
3538
4027
1329
6446
8391
2381
8105
2666
3126
4470
4940
3160
2012
6140
3371
7252
1865
2238
2250
7590
2452
3544
7110
4731
8800
175
306
8038
687
1338
2003
6412
6965
7076
735
3187
3932
6474
5646
6546
1801
8523
3057
6820
4894
3323
3077
439
7008
6568
5605
4512
1975
300
5672
3100
240
5256
5783
8595
8294
7343
428
4737
3392
7231
3356
7864
8401
8824
5834
6153
6541
5549
3581
3705
5032
6449
45
2603
1093
1410
2965
6649
347
4122
1825
2932
5457
8403
355
8264
4385
6400
1971
6309
4189
6304
4560
149
7335
756
8348
5965
5140
2949
3500
6979
8292
1042
1294
4696
1276
5075
2849
5455
2350
8138
7466
4365
3648
4468
4746
5066
293
2728
6616
7176
2292
8740
4941
577
661
2090
825
1999
4769
1479
7529
2915
5148
2420
1857
3931
5814
5999
6788
1832
2470
5634
1603
4413
7868
5725
2546
8644
1882
3915
1373
2326
7004
8511
6853
7533
5422
8213
926
1193
5198
4244
5062
6875
5688
7128
4708
8234
8219
8780
4660
1293
3540
1876
6323
1270
2047
2859
743
5498
7970
7438
7138
1260
4920
7197
6583
5008
2667
354
5745
8599
1469
6055
4339
8701
1980
5682
6610
6445
1189
2825
4554
476
2255
5264
6626
1003
4209
5382
951
8134
8604
3002
2429
7357
8187
905
259
2557
2054
7920
7248
5797
7140
1473
1026
6578
8543
3776
5378
1953
6042
8307
6500
8540
1901
4907
7040
1264
4734
6491
8819
4535
513
6510
7337
7908
3017
538
7077
2392
1662
4005
3529
4572
1164
8736
7005
3295
6193
2061
3863
5239
446
6687
4354
3809
4332
1468
1712
5729
2765
3697
731
4566
3150
8524
4849
3311
3615
6529
2525
3212
2971
4482
3590
1912
8376
4368
8428
6033
6723
5269
4792
1688
4134
2843
8070
2593
5969
1091
4174
5507
3134
3927
5546
772
1365
5767
1275
5153
2134
6104
1217
4372
2116
6588
1734
7189
400
3494
7737
1266
4878
6207
6653
586
15
3525
5
7125
2048
1929
8104
2235
5748
5845
7064
1848
1006
6726
6119
3273
1165
984
6698
1544
1064
5791
648
3404
3016
4902
6372
4682
953
3638
54
1835
2527
8260
5660
588
2892
5352
3898
5807
3429
5964
1941
2630
8798
4592
8628
3112
5127
844
5873
3532
4579
3922
1610
4443
1008
4935
2706
6763
6691
1377
6495
8492
5690
6096
1968
1723
3746
4197
6929
6252
8000
6863
8184
6058
4888
5058
5885
5557
8378
592
2809
4909
1578
8125
7025
3536
5085
1105
1413
691
129
2634
6686
7805
5929
7518
2474
3565
5833
1994
4162
764
5470
6147
8238
3345
4543
7930
6392
6306
4056
492
670
7500
8377
3828
3900
6909
7690
1719
7591
1659
8589
3192
427
5302
3087
6703
7046
7891
8108
1439
7042
5009
4359
289
7963
8661
2727
8148
2280
7293
1744
885
7873
3493
7730
2638
5974
8021
1015
2177
7755
3380
1902
434
3856
8546
7516
1441
5732
2165
44
6848
288
6199
1890
4127
5657
1425
918
7072
7722
6420
6888
2627
2114
3556
7513
5042
1737
6963
1627
6179
3588
2787
5580
4196
8056
3040
5018
5381
879
8303
8188
723
7647
3225
7849
8185
5950
3549
6622
2884
4435
2153
8305
3190
7808
6807
7552
6671
2341
2212
3450
8671
7036
2964
6124
6439
359
479
6410
4961
1297
2532
3401
3186
8322
930
193
6484
3993
5328
4126
3819
7283
5172
981
8713
4663
2750
2145
7566
165
1250
356
5761
4625
572
7294
60
18
4042
3568
3747
1751
523
5679
2874
8052
8017
6792
4080
1040
1261
903
813
488
1286
90
4173
8427
2912
3070
3764
2336
8159
4152
277
3282
7719
2294
1831
7783
862
1710
226
4917
6954
7870
4776
4073
2904
8242
6956
7594
8075
7558
459
6557
8176
5919
4829
3633
1411
6533
2520
34
2531
1927
107
4552
6508
7368
5026
6385
5329
3644
6555
6702
3952
1386
2157
2958
3992
2713
1509
3688
1907
2802
2412
1908
5408
4277
5798
6166
2374
2590
4804
6894
7420
4879
8110
7270
3833
1672
8133
4507
996
132
6497
2450
2629
151
8302
6111
6503
7514
8674
150
2226
3669
2595
4608
6475
7024
4285
4794
3629
2581
708
7194
5642
5258
7422
8488
4021
3213
5300
4796
7304
7585
1183
2566
3708
351
4719
7287
7981
1430
7407
3167
959
7186
1419
4821
4088
5358
4740
2743
2102
5099
1549
990
493
6740
3656
3122
4438
1484
1931
3131
8765
4132
8605
1079
524
2584
7271
245
153
8551
6399
6389
4692
2067
7356
8629
2037
4265
7328
455
7474
5644
7678
7692
8619
7295
4882
3946
8744
7378
7822
5854
3177
5055
2604
7085
3184
8140
2972
4919
896
3235
3835
1223
2879
4823
1136
5876
6518
2810
4633
5303
2322
1334
7254
369
6705
8330
1660
8310
7365
4032
8288
1728
1258
1103
2112
3209
4932
7405
26
5801
5440
4044
5354
7685
1242
5496
228
8805
5940
2563
7725
2195
6899
8160
1049
2196
6487
7983
221
8329
47
7922
1354
1589
665
3790
726
6560
3105
6134
2253
5886
2015
2236
1871
4035
3011
7349
1573
5320
3338
8215
1511
5165
6815
6932
1515
7367
5895
1623
2271
6667
4302
2099
1568
6713
7063
4698
989
1438
4774
6285
3191
2394
1323
3189
6770
4793
1663
5996
1581
5504
5648
1097
3541
3127
2545
3690
2013
7233
6970
8813
2083
5865
3422
8413
674
3920
2937
1298
3784
8796
6996
7635
4071
3284
4002
6069
66
3310
2768
5151
5094
7842
1900
5823
1176
3754
4499
5298
106
5948
8643
4891
2290
7622
5270
5568
3482
5083
778
7655
9
8445
7298
535
2316
8032
6086
4857
7859
693
5277
155
4336
3831
4317
5134
6640
5366
653
4222
6901
4350
5289
2694
89
2592
8222
2661
4915
6864
3159
271
8632
2771
2763
1012
747
1305
6709
8615
5668
8286
3405
7880
2951
6507
1558
1564
6398
6675
3698
6168
7081
426
235
6821
424
5717
5103
3650
8237
5430
4628
3140
412
2698
5997
7276
4819
6315
704
939
4895
8061
8646
7376
8362
4191
110
4437
350
846
7410
8203
304
6288
4049
6235
5305
766
1858
7491
4454
6961
7816
6197
6870
6321
2680
1144
8497
1989
2549
7724
4218
3562
6128
4382
6502
1029
6593
6967
3771
5218
7309
7207
2340
1141
1125
1965
8700
8072
2364
5693
6574
463
7750
4234
993
5579
3047
5631
1028
470
5606
5186
5889
938
7576
8147
7942
7749
7936
1614
6891
8433
3654
4378
309
4587
6982
7796
410
530
8424
8718
5135
6519
794
2156
477
1555
5608
6522
4980
158
8199
4717
5502
3009
7012
8682
7727
7325
8762
4725
6523
6092
2715
1285
956
620
6774
724
1860
8407
5738
5731
7608
790
6477
2131
2133
7050
4584
5052
4591
7512
120
502
5283
7781
2991
5768
5138
6433
7462
6269
2615
4937
7132
2266
3810
7696
8479
1556
5084
672
4457
1150
2599
4404
3981
2135
8420
5653
2885
4475
3479
3424
4982
529
384
3355
6759
3526
3103
7228
1069
1702
5399
6637
6214
8474
3024
6448
2411
6592
12
8673
3945
7045
253
1036
1290
8482
6679
6241
2360
284
3585
1436
3495
7829
6547
3694
1037
180
287
5818
4812
913
6208
1967
6204
3088
1685
8470
7511
5448
8380
4318
1673
6447
1845
7535
8162
596
6517
4923
1923
8040
3267
4963
7968
7752
3319
4373
8530
444
5386
3342
1874
1893
7080
2049
6493
847
3892
3860
1791
7623
7353
6129
6867
914
1073
5802
8816
881
3204
2726
4179
3606
4986
8281
3385
4415
7742
6786
8408
3369
163
115
2512
6050
7188
4089
85
3374
4335
5617
3287
5071
5903
7107
8241
7757
6885
1794
4362
7134
457
6816
4955
8531
3523
1514
7617
1457
5530
919
6165
305
4003
4219
6597
8208
5499
2608
8473
1759
5240
2895
6084
8395
1522
6898
6855
8767
4813
4743
3085
4508
3803
5246
257
6184
573
5917
5552
1816
4771
5800
211
8077
8201
1171
2508
3304
4791
5262
3173
4431
6068
4417
3485
7621
676
8066
5040
6322
3320
1394
334
2362
1809
7022
7664
3970
796
5313
4210
6902
491
2264
4748
8063
5253
6577
8037
6312
2343
961
7419
6494
3291
5345
4441
1370
3410
6636
4228
8533
8098
1773
3211
4815
3470
973
3787
6941
3806
562
7600
17
8574
2038
6629
2669
8373
3842
2348
8467
2214
7639
5795
2514
7460
7167
8623
2522
1255
4845
4185
6696
6236
5510
1467
3971
5464
1677
5048
236
5132
873
5429
7640
7846
3151
7131
2930
5649
6470
443
2897
906
3430
2866
837
4676
324
2544
5627
2284
1670
6416
5587
1630
3502
695
7321
4328
4240
121
3237
7316
5173
2781
3651
5665
7391
1879
5607
1987
5414
344
5361
1401
5870
1990
6793
8475
1620
6797
4726
3943
4016
575
1602
6575
8429
5604
2132
7996
7031
5460
2690
4837
3062
6362
7596
8069
3678
2002
5020
5149
2857
2497
1277
4242
3171
2732
4704
6544
957
6572
1749
8274
3135
2901
266
4728
3941
5182
3888
5788
5563
4069
6690
3684
5815
8024
362
4248
960
3398
6457
5291
4294
2154
7149
2626
2103
1824
7130
8814
3748
6789
4351
4619
3778
1455
8220
6316
2347
7624
7667
4538
1219
4477
4208
2759
3531
7292
2169
6623
6520
4974
7101
3904
3129
3242
4349
4838
1385
6957
649
4290
8547
1785
4028
5615
2494
3481
3423
647
8145
8416
1180
8750
603
6384
7038
7358
4636
1937
7782
6944
7729
2187
6999
5465
8509
5902
8153
4862
81
8230
7268
28
2926
4755
5235
2489
1755
6154
4066
4172
4960
4651
6515
5350
1
216
3712
1817
5543
3830
7911
1804
7638
3054
8144
6521
2130
2580
8590
5334
5482
6876
3792
7770
3389
1771
314
2208
5105
1675
2074
4550
475
7202
3353
2173
3598
7683
7614
8259
5257
1837
5248
5400
1184
2368
4842
7426
3196
933
780
7056
4603
7014
1852
2300
883
6742
1009
279
5985
1977
7736
5804
3679
436
1815
4481
4846
6695
3979
5454
7479
188
1567
5488
2845
335
7674
910
2633
4296
4020
1230
6988
5333
1175
1191
3007
6210
3367
174
2401
4268
295
7238
2572
389
551
7439
2439
1548
5518
3407
3965
2742
3660
6527
1418
2234
7387
8296
7835
1450
880
1996
64
2026
6105
8003
4779
7454
6539
7507
7837
4226
4419
5598
8658
5259
5027
2766
8822
7734
3198
7904
8210
4108
3266
888
1616
2444
7471
6192
4119
5411
8784
590
8342
5247
1233
6685
4892
6354
5565
7472
8518
5353
8478
1382
2398
4487
4954
88
145
5474
4364
6388
2310
729
4897
1698
7943
811
2997
2478
5483
6427
7673
6374
5647
116
3798
3653
2346
3283
1322
2147
8057
8691
5620
5509
4398
1072
5724
3693
2730
6960
3055
8522
8013
6824
2416
3749
6231
8045
3729
8617
755
1541
4400
6764
4687
5923
3834
5658
5234
4038
5017
5245
6992
7488
2614
2656
1840
5514
1047
3233
2230
7700
2163
8687
5222
2868
1362
7289
6332
8748
7442
3836
5593
8261
2880
3958
8012
8088
8048
5650
8016
1052
1313
2217
6857
3571
8247
4316
8200
970
7854
2862
6987
2456
398
2775
1463
7523
6761
6327
1389
2242
1071
4494
2490
3325
4506
5976
2881
4348
1731
7088
2929
7103
7499
4802
3939
5166
3594
5389
5945
285
2688
5365
4397
4479
1005
3120
6021
2735
4578
8764
6305
2431
5832
2479
6133
3254
3357
2707
2060
8371
1311
5601
4034
4206
858
36
7017
7136
1350
1640
3467
4176
7246
6948
616
8254
1717
6946
1738
8333
1246
2883
1163
3938
2076
1880
1075
833
4291
5301
154
8491
3312
3630
6783
6900
3824
2085
4343
5385
6997
7264
4747
105
5441
2096
8678
6663
597
8538
7656
556
8062
6177
2918
8100
895
6796
3214
6404
4948
1481
6098
5636
6710
2620
2285
4229
4158
7947
8634
5719
8250
1252
2379
8036
7427
3699
1453
2708
7858
5622
5884
3223
3713
2687
1818
2968
1656
1092
3604
1988
8716
4082
7888
7151
6624
727
5243
5093
8246
5296
6722
4113
487
2673
3929
7748
525
1429
6708
206
4528
4611
3680
4786
7352
4011
784
3901
3379
2104
5673
6120
5737
1381
7239
5766
2744
2229
1369
6365
3595
508
760
5503
385
7794
7282
8636
140
8343
5567
6206
338
3023
7994
6082
5208
8609
6483
11
1930
3947
8672
6771
4104
1626
6609
1711
851
8766
365
1099
4055
2050
5337
6998
6386
157
6080
1251
4149
4050
3722
1862
4972
1516
1482
4504
3082
3421
4047
7380
7219
2921
4271
3539
468
6825
7469
3337
1296
1287
1486
6682
8321
7604
6279
1149
2449
8656
5150
8180
5780
3318
8781
5225
2244
1519
1661
1427
4246
3793
4402
587
8410
1619
4990
1721
5816
7091
7098
4227
5639
7163
6371
839
7413
1396
3530
3271
8031
5913
199
5159
8186
8756
3083
6868
8270
8494
4169
7129
2397
5988
3867
374
3144
1543
2589
7099
1756
7953
4561
6347
3156
2170
5928
2485
6378
2454
6091
2812
8368
628
3841
7619
7023
5803
6380
6408
5709
2457
1397
2800
6426
7704
3508
4278
5651
2573
5857
3454
2621
4638
3673
5002
8116
5566
8389
7556
422
6986
7632
6721
7573
2717
1741
2877
7681
3818
8154
2022
4958
8421
6039
8018
391
7708
5087
3185
8459
8412
4711
8565
1664
7146
3623
3413
1579
7142
2856
6625
7839
280
2511
5445
2894
1641
2709
2970
3925
84
4702
8397
159
827
3926
7475
4969
5113
6607
5776
7792
3732
8404
7567
2610
4983
7838
8495
3978
8720
1267
316
1922
3152
5592
4421
6289
3072
5299
3797
8086
8326
2805
1592
1819
4922
3691
1690
2124
7728
202
3905
6476
816
6813
8563
2070
856
6782
3843
4959
8005
7055
397
2588
4059
1058
4930
4495
4836
417
7144
7139
6019
3101
749
8825
2089
4617
966
7009
2183
8010
4177
3378
3008
8173
5000
125
8383
3733
49
561
4410
8731
864
6535
4856
160
4220
7477
5956
1488
631
5661
8109
8575
3661
6345
1520
7957
6719
2678
4288
6908
4971
1004
6123
435
2120
6881
4051
2428
6635
5993
6975
5595
4314
5069
5906
2228
5364
3436
6827
1462
1694
4030
4939
6478
8770
6100
6431
4371
3637
166
372
173
3246
3118
7159
1950
58
2475
1492
6373
7643
1131
217
3358
7301
3170
7237
8620
7113
6
1063
698
2553
272
7689
3522
4809
2393
2087
4186
3442
5045
5137
7354
6805
3195
4476
4474
6906
5946
6694
2358
2761
7273
4533
1866
8640
4899
394
7381
7773
6666
3104
5982
7853
1080
7630
962
6159
1958
2078
7517
1577
1061
4527
5478
4139
5209
1243
2136
8496
2591
1875
1624
3153
1625
3010
2848
7830
3018
1060
2583
246
4274
3288
7555
4026
8095
5522
5907
4423
8308
6350
7185
2676
1887
1160
6688
7584
93
3269
1200
7324
7047
1076
506
5897
1713
4342
1476
379
2585
6018
6423
6338
7536
7929
4408
7399
8586
3724
2839
4217
2126
8097
5039
3782
7767
4691
2989
7078
8245
1302
4830
4522
7495
7182
5095
2575
666
7317
8113
1798
983
4019
4784
8314
4256
5912
916
3765
1803
8582
7598
2079
748
6233
6641
2400
884
6766
1508
2927
7955
7695
2893
1924
2297
299
971
8334
2819
1019
8556
4387
1995
3506
1814
580
1478
5794
1102
582
5683
6890
2801
4901
5980
2221
101
4048
865
4273
7866
6265
4684
5805
2679
5310
8008
7982
6893
7804
1827
3107
1550
4656
5244
4259
8136
2423
5973
1185
779
4433
1359
5439
1292
635
303
2220
313
7355
6664
7932
5280
3624
6738
95
4571
1278
5497
6991
2057
6603
7232
2167
6471
3314
1918
7041
7216
1031
1435
911
5362
6022
2324
3762
1795
4646
2128
1038
6430
420
5727
1342
3853
7559
3331
8055
517
2823
4780
4632
7211
5060
8702
6292
3991
5051
4247
1608
6634
677
1763
137
3903
5520
52
3897
8283
8406
2010
4165
1437
2640
2736
5638
4261
1913
7903
4420
1090
2612
4473
7951
7299
7756
3761
7928
4409
5359
7203
2942
1378
3990
375
5879
5147
3640
5237
1786
5139
1897
644
4978
42
650
8137
4885
1703
4392
1823
6958
3963
6665
4884
8797
6325
7424
4418
4824
4760
6489
4843
3780
5067
7052
1475
6434
5749
2811
5306
4938
7429
1384
1599
2704
5391
1123
6977
6496
5954
6697
3885
512
8198
3241
5065
7762
5472
806
7662
2462
8364
877
6874
537
6488
6078
308
8120
1303
1249
5659
3662
6364
2853
8441
4610
8627
5612
3521
875
8205
2203
5843
5477
2737
4515
8170
4531
4914
6693
4785
3172
4331
1215
8462
2039
7860
6115
3439
3418
3279
3459
8757
8830
5898
4211
5251
4480
2905
866
2684
3349
820
3844
6247
7800
7092
6015
5273
6839
4553
8468
7776
6847
5493
8240
7411
1956
2504
4484
8726
65
4147
6598
3891
3622
6924
1760
4187
3578
4280
5390
1048
5556
1528
4301
8801
8579
3391
3236
3207
2747
4403
1130
8171
8480
5410
5548
1210
6221
8526
7595
6978
8438
2820
4063
3921
7603
1087
5979
1404
30
6137
6650
4967
2127
6150
6367
7198
1679
6952
7802
1244
2427
3277
7879
4576
1094
2579
5143
1981
8117
2062
7550
6851
4297
5216
3516
6595
2372
7989
6232
3188
7924
5630
3027
5282
7795
4534
7153
1607
8706
2594
4366
5584
7703
8624
1186
3064
4757
5564
4875
5405
5619
4623
6294
1705
7007
8124
8679
286
8802
985
2814
161
3115
7330
5680
256
4782
72
1314
8571
6202
292
1056
527
5109
7958
5421
6370
2693
7122
5937
2175
968
4667
2870
1997
5375
5736
6339
511
1928
6075
2435
3091
8115
7680
1120
5016
79
5874
2643
2122
5356
3079
6861
2161
2818
3078
2957
2426
8484
718
4235
8455
5029
6835
5005
3449
5733
7738
4502
3576
2973
8328
2909
787
5076
1821
7363
7530
3877
1955
7222
2662
1363
5594
7116
1490
6303
4376
7392
7400
3203
7760
7545
7960
4730
6594
4666
6161
1877
6811
4429
461
8015
4770
2720
7379
3344
6755
3477
725
2967
3226
5825
2433
746
4153
5790
2386
4673
5434
6011
4662
4613
4928
8506
3533
4839
4898
7998
3542
474
7508
6921
4525
5112
7726
1055
829
4532
7302
8576
5637
5403
1187
8279
6151
6101
6293
6656
6349
8206
2246
1343
3652
438
5335
5122
8381
3050
1319
6737
7423
3987
8711
5189
3959
5098
897
1762
4518
7249
7334
4763
4202
2631
3744
6072
1529
3647
770
7648
7568
899
3253
7366
2032
251
100
4467
5842
1412
3658
8510
1886
5531
2947
2538
2493
7763
7262
8291
5331
3552
4965
2518
6342
4574
4367
4041
8515
8618
6556
560
3814
2838
3215
7133
2191
3896
1982
1715
5932
8466
283
8002
5515
3553
6361
1869
8811
713
7408
5387
4709
7319
5187
3089
3113
2888
6822
5762
1904
8320
2451
8299
8049
1839
3332
6246
3081
4252
267
2432
6883
7765
7100
7995
40
7876
5312
608
828
1407
7105
4788
860
5318
103
4863
6248
97
3052
3114
8719
8763
7578
6253
192
950
4943
3245
3139
8782
8621
754
2286
225
3667
1156
6113
3132
4700
853
130
7807
4999
3281
8106
8358
2459
8581
3125
5073
1133
6819
8557
3313
4095
6528
3142
2430
5033
6360
6341
2149
8676
1265
6090
5007
3161
2210
7633
3368
679
8442
6013
1621
5394
4887
878
2911
8631
632
5272
739
5338
3518
1706
563
2806
5199
6586
4851
8118
8831
3238
3899
815
8051
2492
3847
3031
8785
2764
7436
8738
4065
7323
3998
5723
3025
6334
8252
7650
3507
8313
4498
7952
5398
1742
1754
3346
544
4114
4924
848
1190
1312
5435
1854
7261
501
1119
8224
2653
5466
3683
6005
5852
4167
6613
1214
1232
5290
7992
141
5573
7543
2821
392
8151
4001
4688
4131
744
1725
1485
8214
3296
8135
8663
3689
5081
8422
1557
1494
3977
4772
5407
1470
8517
5090
6201
6283
7510
8207
598
3066
795
6754
5164
3723
5739
5588
7492
3231
2301
6212
7154
1681
6767
8107
6081
3022
7759
6753
5989
4116
7611
2946
568
4091
2923
6751
7044
6017
8696
2378
2073
2917
1998
7322
1942
3260
4175
1863
7494
3317
3829
5433
4325
2382
2718
4388
8709
7665
5230
8363
1724
1448
1213
1588
683
6407
7702
5975
2605
5934
1237
2329
5316
952
3665
6185
1746
4765
2005
1098
388
1333
1127
6282
1068
8568
7991
5425
2938
3589
6118
113
4766
4303
3465
5226
368
1339
3333
4046
7895
6238
5471
4759
4216
946
4612
1944
5304
8152
669
1527
4164
3061
3327
4434
2445
7019
6359
7214
550
1162
2174
2536
5193
1811
7069
6974
1894
437
1434
6271
7583
5971
407
8645
1730
4396
892
4818
2366
2311
346
804
5308
625
783
7658
3621
7095
2891
640
3388
2041
4166
3206
4448
2777
5468
6277
4706
5526
7001
2084
6396
1991
967
5848
6536
7644
8803
1336
3649
696
1116
5789
2882
7871
7610
1020
7498
1408
4977
803
654
8569
8384
915
1532
6914
8710
6355
536
6718
6762
1686
22
5951
5092
8143
699
3068
2476
7425
3248
995
8336
2550
7053
3200
4996
662
5368
8082
7431
7285
6160
3285
4221
452
6375
3564
2158
5453
6869
8451
6275
2111
540
4664
3767
2418
6319
5958
2138
4629
7291
2872
4681
7117
1188
6467
3614
5442
3685
6143
2996
6768
2985
4645
3572
6267
4485
2795
4203
5861
3956
6099
6506
4190
2283
7087
4981
5288
6337
203
8102
4523
4916
5035
1570
1553
39
1609
3461
3879
2554
3700
689
1253
1420
5692
8080
4324
8545
5370
5213
2526
3671
3924
2367
170
5743
4832
6453
8681
6381
737
4693
6983
6562
1859
4850
3443
2748
2093
8607
6116
480
5436
7470
3916
2447
2559
7089
1769
1383
1399
7452
376
3286
469
1740
7121
4465
2185
8323
2817
1122
4643
6440
7772
7735
8166
8221
3390
4539
6198
6107
1836
7
4991
4803
7831
4491
765
5260
6964
4861
3717
2701
3220
1983
2137
393
2943
2211
5192
8566
6014
7269
686
8745
4201
2094
1077
8129
4064
7303
3567
1775
6884
7570
7013
8446
3303
3468
1748
2980
3960
5321
5576
2890
1547
5206
5632
2052
8432
8418
8789
6538
5624
6130
1605
7327
6006
2568
5014
7612
3573
5571
7339
7537
7200
6844
3258
5687
6468
5699
10
1178
2108
4054
6917
8596
6699
8724
6437
2824
5888
8594
4060
8346
619
2352
819
386
3734
1337
3821
7029
4876
3528
5170
3484
3861
6747
2523
997
481
4946
2565
3148
5911
2274
7458
3735
2564
4577
6712
32
2900
5881
4968
8600
7720
1676
6582
6237
4450
924
6990
3093
1963
8633
4472
6913
7296
566
6258
5831
7097
904
5412
3381
4925
6377
8046
5696
3193
1639
1973
5211
6549
7697
2146
4883
4263
3376
5525
5210
581
6223
99
4609
2056
5581
2181
5866
752
1580
2670
4004
4599
7910
6785
7162
4872
8047
3727
6194
7065
2237
249
8360
5868
4389
5250
4411
6802
2542
6670
6157
4422
1168
6205
2682
3243
3969
3080
6611
4582
8316
3807
1847
4009
4352
5754
8603
7560
5838
5684
37
2691
213
5674
8708
1718
8548
6966
2481
3097
656
4672
3736
652
2330
5424
929
1310
187
2567
6823
7809
1806
7428
8807
2200
1903
7418
8768
387
3802
233
1426
558
3290
7521
3548
164
2252
1533
5036
4933
6276
4505
3645
6414
1428
6264
3059
6558
7954
2071
2920
1745
5656
7684
6643
849
2850
719
4966
3687
183
3670
8028
6016
2232
1315
8728
955
634
3074
6745
854
7554
4805
5841
4998
1317
6460
2453
7445
1392
8655
3738
440
5669
2703
6834
2357
6600
4013
5124
1680
3384
8630
3489
7310
1148
5770
2218
7364
574
7250
139
2204
4118
1701
5194
1707
7915
8685
2354
5707
2618
6458
1838
3278
1569
453
2983
8597
383
403
1372
4607
5998
4305
2046
6225
6895
6203
2887
4568
1466
4109
6652
777
7909
3593
3084
8512
483
8369
3308
1078
3486
7115
6775
112
1722
8622
7546
6172
1158
6860
4142
1023
7027
3208
7212
6645
465
8126
4125
2066
3517
503
8573
5267
31
7542
6213
1632
6630
3997
5191
8652
5828
1207
7884
2044
5003
201
3219
3199
1805
1943
3719
3179
2609
3402
4493
297
7051
6879
6886
1720
2758
1895
4665
8172
4357
4661
1946
5577
8324
276
2319
7914
7277
3438
4964
3071
6639
4193
7626
5943
6462
8616
134
5728
5909
1691
7241
1651
458
1248
6155
3415
46
6950
3433
5392
3826
7666
6067
624
2258
1774
1883
2436
5476
1053
3109
3820
1920
1692
3446
5142
6219
5812
3686
8469
3051
1284
363
2415
1346
6711
1124
1442
1422
610
709
2254
6152
5053
5054
6632
1495
3954
838
6621
4601
7520
8168
127
4436
3408
761
7071
4962
7862
1095
7589
1779
3335
836
3330
5167
1174
6584
4918
5540
1932
5920
1376
2789
2188
6678
196
6720
721
4212
4308
3067
555
5899
5380
1345
6390
6882
348
5811
7306
8058
5623
4749
7865
3527
7457
7892
3328
7780
6459
2199
1446
8074
381
5231
1978
3908
8227
3984
2654
55
1552
124
1709
3119
1655
7341
8639
4781
552
734
3755
4848
4557
4307
5977
332
8592
2023
8398
6852
1151
3197
627
3840
664
1263
5819
2734
7682
6485
2552
3731
4859
419
63
6046
7394
8514
91
5939
3788
1849
3021
2815
7066
8559
4970
5180
5694
6760
6587
7218
4489
1132
6209
3625
5451
3249
8034
2399
7229
3775
2105
4945
1177
4973
1889
6351
8657
4703
8060
5046
8268
4375
7985
8753
1415
1799
6878
800
2463
4670
5677
4094
808
1268
7329
3347
5855
3666
7715
6053
3060
7060
4067
835
6463
5131
994
8754
7395
6728
38
7841
3063
6413
5773
2865
7362
6126
6317
8777
3703
5695
61
5516
1483
3387
1947
8642
6421
7926
4950
5348
1159
4712
4865
902
5574
2231
152
2741
6244
3261
7812
7522
5655
1767
1757
254
8452
4300
5867
377
6340
7406
6877
6405
1472
7481
5539
1375
399
5057
4478
5775
1559
6298
3265
730
8828
2421
1212
6620
5983
6307
2966
5840
8189
8197
4039
8722
3799
7605
3855
5443
3758
4536
7170
1545
2999
3910
6009
6608
4993
7885
5371
2969
2860
4677
358
1833
5452
7946
1364
2498
798
4133
528
4604
2910
7607
1600
3503
3519
339
2142
3597
823
3707
5575
6169
2468
5484
5872
5486
8567
3475
937
404
4230
5839
7818
4460
8705
7677
6748
2437
7843
5041
8078
5129
4204
8347
2215
2503
6579
6915
1454
7786
411
7646
6008
602
697
818
1309
682
2171
8349
3726
920
8751
4807
1652
204
7642
5892
6550
3558
3108
3038
8534
2578
238
6543
2471
425
1843
5158
2671
8647
8504
7272
1182
591
8500
2488
1856
5461
6659
8167
8156
4442
4564
472
2899
7515
3709
5551
3256
2861
3866
7446
3838
6936
8382
7549
8477
3612
7618
972
7705
979
6079
1891
4188
6003
114
4956
1433
361
5006
495
336
6262
4161
2934
2738
5125
7443
3996
715
4141
7281
3601
7173
2587
5339
3668
4927
6466
4015
3973
4931
1945
3725
263
5200
7108
8023
4631
5015
2223
3165
2977
7478
7883
4272
3779
1100
5004
4727
5916
5947
4841
8521
4255
4995
2840
3577
7417
1238
3759
2658
2939
6830
703
5730
7020
5782
4052
6254
2040
3613
8487
4237
5307
5224
3272
4501
4705
5705
8730
7524
3893
5169
5233
3520
5144
8179
7090
3164
4033
7686
3951
8029
894
2164
1812
8436
7898
445
2992
2403
3013
8355
2931
3599
5342
8094
2841
2095
1085
7988
5774
6259
8027
6729
2182
7925
7179
4509
396
2745
7447
617
8812
7814
3472
8396
2785
2533
6041
2202
6311
5769
6052
6403
1618
6066
5968
8139
8649
3864
7771
2270
3682
8535
1086
4548
3364
1112
3409
7712
7247
1566
3452
2277
7787
2500
4253
7941
3766
4425
5972
969
4182
1969
2940
5056
1708
4101
5128
3383
3535
949
3664
2807
5702
8298
6226
7539
6873
3365
3480
1867
6196
8564
7175
4006
1480
8290
2318
4299
1327
6514
2030
169
5862
4157
5589
5415
5875
8774
3250
8263
4346
2685
3457
8549
7687
3949
6142
5346
4868
3554
6443
5064
207
4797
1870
8697
8612
3968
5708
611
7058
6324
5664
5891
2792
8668
945
7459
4869
4148
6935
802
2193
7440
290
5178
7493
8457
5397
3546
720
2562
3146
5325
1842
6045
1650
987
1964
496
7259
184
471
4738
5479
5413
4694
7774
3986
8507
4795
2249
4128
3980
3923
3466
6525
7114
2389
7844
8541
5012
1948
2956
4714
2793
7827
799
2197
3635
7974
1460
4621
2767
7916
8006
1503
111
4820
891
6985
4445
3033
8217
1649
8791
1256
353
6049
6601
4762
526
8285
5908
1536
1841
1826
8695
3034
3230
447
3643
7120
5846
5877
6646
2925
7616
1403
4739
6854
4934
2328
5618
294
859
2151
4079
7547
8059
6644
8194
2018
8683
3004
1864
406
1341
3490
4903
4701
2100
8660
4556
326
74
6125
456
6357
6251
8489
6032
1667
7791
4250
1135
7867
4513
1402
8690
3012
4689
2162
56
2443
7338
5542
1628
6897
405
4752
8030
2414
6780
5217
564
7784
6647
6422
4304
5490
3605
1979
7872
6919
3574
1316
371
7823
2659
8520
841
1562
2473
6302
4090
1169
1280
5323
3417
4390
8405
922
6010
4873
5447
3753
3569
8276
418
7374
6089
4043
7857
433
2019
4459
1753
3001
5712
1321
593
6228
6865
6333
2962
7284
340
4024
5207
3370
7711
6240
887
2117
4598
2441
7851
3471
7993
7718
4758
7657
7997
1474
3985
5614
1222
8001
3871
4140
2321
2796
2464
5785
370
6959
7575
5175
467
5611
6976
6121
8277
1245
4283
1915
5523
6564
1500
441
5133
1584
6472
4997
8769
1643
1281
177
7779
1820
3907
5784
5645
5609
4215
7833
5900
4906
2396
2219
3448
6278
162
2275
585
6773
4469
3183
6224
1066
8670
6717
7645
2422
4721
8300
6581
3710
4844
6947
6429
6001
7402
4768
7934
999
6971
4979
8229
8390
5633
8667
7396
6791
75
4514
5495
6314
274
7577
5223
6741
6596
7505
5487
857
430
1683
6673
2438
7874
8182
2993
667
1299
5215
7414
6038
2021
3343
4076
1521
8043
5123
4864
6681
48
3463
7432
8483
6138
658
4496
4881
5500
1587
7907
6973
1351
7561
1368
6139
3730
3865
8054
1542
1572
2484
5156
5718
8443
4913
2388
6540
2143
7834
473
8610
2251
4452
7404
7978
7587
1934
785
8580
2561
6591
3147
6872
230
260
1283
7706
2467
1134
6020
7628
3234
5171
3444
429
5942
1423
8447
8271
7579
2521
5072
3872
2955
6657
1021
2068
4276
7634
4383
4989
3111
6211
2201
1041
1726
4377
1324
4715
8067
29
5698
7486
4447
4559
8064
3216
8717
7753
8085
3019
6263
2648
6777
4905
7896
7314
7035
258
507
6379
4057
2289
1736
4238
4458
3975
7563
773
6916
5188
6409
2043
6464
5031
7950
333
5519
2391
4143
1666
1512
1157
1935
7467
1850
6559
1938
5475
8338
7847
5379
1139
7448
8202
6714
1081
3537
5880
8357
497
5793
2233
1269
3886
4464
4466
3756
4570
2299
3953
8677
7409
2981
4439
8331
5197
7944
7059
4150
2975
8079
2344
533
570
1905
1595
852
357
8004
7912
5666
1654
1693
8009
681
3316
4716
2110
1198
6329
5347
176
5742
7093
2790
8715
8209
4492
6162
2646
3294
2006
871
4097
8388
3999
2256
3695
1218
6051
6189
8561
5561
6778
807
809
500
1733
96
8786
2194
7208
4106
7531
3473
3102
7548
745
3168
2984
4456
5585
1106
7336
5953
663
7111
4911
7999
3505
4121
8375
1115
2540
6106
2650
2916
6382
8486
2863
4432
7821
2788
1221
16
1962
7613
7326
5044
3464
7793
8130
6149
4068
185
4586
4488
5528
5108
92
3354
707
6261
6047
6095
7286
4412
4405
5570
1024
7226
2571
5560
5393
2017
5357
3321
3603
6004
5847
775
7124
4787
8537
2770
4037
5281
2722
2623
5517
3232
2309
7977
1583
1634
4159
5643
1199
3692
432
7135
539
2016
1919
3659
6291
4092
1732
8345
3244
5844
6239
3441
7869
2331
4616
5691
3175
1768
6320
6599
1646
3491
3890
6781
8248
733
4951
4239
4549
3989
8501
5992
4686
1846
8654
822
8776
4831
3149
3715
4329
3496
567
4130
714
5716
6769
5130
3948
8808
486
6170
8721
2487
3976
7890
5396
6734
6968
1822
7437
2008
7435
4154
2773
7580
6730
1765
322
321
4180
2064
5901
2908
5578
2119
7464
1027
5266
223
8692
2886
5521
7620
1231
1787
5238
569
7156
923
1758
1539
8272
4370
4022
1146
7569
7158
2014
6220
6648
4100
2582
8193
7386
3005
5850
6548
6328
2639
6772
1167
3306
606
3846
3251
3882
5383
6266
8516
378
6606
4262
5019
2305
7826
3497
3825
3315
1304
1986
7062
2296
172
5024
5255
7694
6296
5813
6706
5641
6301
2902
1974
352
6059
8437
4081
3155
2377
3210
2655
2024
1421
7028
4573
1644
6499
5663
4334
1789
8414
830
3880
2184
3121
2507
2645
2206
6229
2268
8450
5284
8415
3930
5372
5763
2755
8280
1872
8823
1353
5485
7861
1658
2933
7450
4319
3488
4814
1387
2757
5700
1554
3400
320
4292
2555
1797
2928
2425
7836
2832
4957
5527
5285
8267
8243
3478
2760
8638
1155
4286
219
4753
6109
3263
5535
7649
6871
4783
3427
5760
7688
3098
1227
6353
5265
4340
2952
4361
4775
1110
5043
6451
6175
3547
8022
5220
4000
909
4606
886
6216
3584
1179
2719
7148
8157
505
8815
8099
3174
7768
1612
1788
5011
5115
4767
122
4194
1778
5268
5261
1636
3634
3811
8698
4446
812
6227
6112
2152
3302
6980
7732
1829
7245
8431
6903
5835
6828
6435
3906
415
5221
7476
6103
7313
565
8790
3964
6955
3962
3618
5501
1145
3912
3414
1926
3561
7152
4251
4207
3138
7806
5547
1340
4545
6469
8820
7588
3616
7713
4195
2241
181
6926
4544
600
2406
4224
8131
7217
4648
7602
1615
7949
6631
3334
5070
6800
5572
5524
6744
1129
2852
7709
5111
6454
4313
4416
6195
4236
6604
5837
3274
6801
1010
8505
4270
605
317
6654
3076
8249
8625
3774
2150
3305
6887
5922
8141
4810
315
349
6939
232
2482
7235
7164
5640
5726
7126
7669
8065
4093
6918
2714
921
7754
3783
6794
5559
543
4710
2723
1205
6428
8755
3641
8560
3902
510
5616
6526
7761
6627
2077
8149
6411
3324
5395
1089
917
1224
5533
7828
6750
423
7312
6943
2835
8613
5778
4602
2385
5747
2027
6442
4007
4655
2227
2697
8128
2982
4070
2602
1530
2873
900
2875
2524
5388
1307
7544
5195
8532
7741
3785
6023
5538
7172
3816
2822
8090
6704
5851
255
8688
671
4282
5344
1940
2281
4654
7453
8417
3626
1409
1727
7701
143
82
7893
5806
8666
5049
1696
5102
5444
2351
4453
2342
5279
1802
1259
1331
831
3911
7385
3586
296
7487
1393
2042
1611
1992
5676
198
5562
2517
3967
5541
4588
3857
6516
7340
5787
6156
3822
3550
1254
541
4736
2675
4641
3627
4675
8306
5511
3257
7789
7244
7671
3293
3791
3874
5059
4834
250
7581
6798
7333
6512
2979
5181
460
2721
8449
2624
5654
5941
5893
7433
3543
3711
2501
4306
2455
2355
3154
5949
1517
5625
2780
1782
2349
516
2106
5799
5369
6250
3994
8519
1033
5752
3431
6343
8091
991
4551
4455
842
3205
7150
1855
7315
1984
5824
6424
7331
5377
3039
629
408
6752
3090
1575
767
4988
6135
6286
4650
3889
2692
3372
5179
2461
2647
509
786
7434
2762
6163
750
1796
5295
1211
2417
102
7018
4267
4264
5311
7243
186
630
1330
8503
7375
1301
247
4657
8253
191
3607
3474
7652
1925
7803
3036
3805
7311
1477
182
264
2791
1007
6589
7171
4806
3406
4025
4761
3928
4825
712
83
3329
6062
5254
3646
5933
821
1471
8257
2754
3869
5904
133
1598
925
3445
1970
2028
3950
7112
3582
2756
8014
2632
4751
637
1747
5905
3123
801
1546
8826
3702
147
8703
4181
5110
7260
5878
7002
4293
1067
8827
1631
8081
8430
2383
7899
4896
27
6727
7562
2144
7390
2288
944
940
4733
2577
3300
6270
8301
645
805
4811
840
1892
4087
2209
6981
2205
5599
2695
167
8039
1356
3202
8472
6012
6799
1537
688
4944
2953
8041
3292
6655
4516
7971
4490
6889
7021
8372
3487
4756
1137
5534
7480
1349
5994
2535
1657
4942
2442
4840
8788
7840
2846
8806
7906
4355
3675
148
2724
6910
6504
7721
6056
8669
7279
1807
8704
7661
8007
4926
3056
609
2786
6217
8112
2813
6810
4363
1357
5047
2513
8699
4994
4627
3065
6545
8536
1273
330
6862
1601
8544
6701
7297
5938
6418
1272
1949
8111
4893
1695
7973
3995
21
3046
4597
4713
4580
7074
4639
6524
4799
5662
367
2179
5418
6841
6832
6243
8146
7104
2711
7699
6501
5505
3895
2338
3917
8794
2776
1074
3628
7206
2906
1810
278
8460
5275
6633
5914
8127
2700
7307
6093
7160
4347
5987
3352
1914
4199
2304
6395
6310
2407
1510
3396
5330
2031
8204
1597
6144
307
1452
768
6993
655
1906
1629
5981
6178
5190
3817
5427
2159
33
2959
5670
6391
941
3099
618
7377
1172
490
1202
6131
832
451
3913
5227
3579
5117
6532
5341
5089
3524
8287
1406
8734
1586
6615
7157
7106
5792
1161
4077
5145
1014
6731
6638
4330
2086
6432
1107
7165
7011
4634
2495
876
5764
4075
7582
4870
1671
7777
5859
1447
7227
7033
2689
5758
1054
7586
5086
3873
7668
7415
1777
1952
6573
6736
6336
6818
6866
7969
965
1395
7743
273
3720
6569
2384
7225
327
7790
6444
6933
5586
2097
2092
2681
4245
7274
2335
2854
5991
464
6366
534
8339
1498
210
728
8502
6064
8608
4855
7096
7461
3760
8236
6287
4912
1851
5921
7290
2651
5114
6530
1025
3434
7625
3227
3133
8578
2033
6812
7015
7597
2265
4078
622
2491
2960
7503
5100
1050
6108
1391
2240
2325
1226
8444
8269
7714
4275
2978
2898
595
8614
3555
1043
2480
2974
4589
4521
5713
4798
5955
7178
2652
789
2855
2782
7177
1868
6651
5077
4947
7751
1684
7048
1790
144
5918
2924
4853
4424
8073
3476
3373
3048
2192
3850
898
4225
318
1752
3350
3674
2063
6482
5349
1957
1596
6672
7878
5183
3428
1000
7574
912
2376
5755
5864
8453
5494
7746
636
3914
2081
7174
5096
6186
2298
8463
4309
8020
1380
6795
5613
3462
6994
1057
312
2548
7220
4526
41
6715
4637
2365
4098
2986
8675
2091
6070
2903
6880
3028
7964
5437
8011
5553
4115
1916
5351
874
6735
5136
8122
1669
2858
77
2302
4630
4562
8400
710
935
5426
6845
3053
7258
4778
8772
108
4827
7265
559
3716
7571
4374
2556
1613
3580
6479
5423
7654
5322
6928
8327
2596
2011
7882
690
2976
7489
4835
5817
6455
4777
3181
6148
1966
5591
3395
8183
3014
2408
8374
3706
2622
4690
7118
3361
4745
1458
1560
4852
1888
5417
4360
1367
2371
3545
8044
3020
5925
6318
5155
6176
7636
1939
1306
7691
4120
6030
7213
2279
1884
3222
25
87
5010
2784
6892
4555
8817
4045
2961
4072
3015
1917
1551
7905
57
4874
1496
3289
4232
845
239
4427
190
3492
8169
3982
4137
448
2867
8087
7913
2369
5080
893
2390
5317
4563
3270
2395
3264
5808
7006
2794
4384
6295
2020
118
2637
6618
195
466
6989
1830
7609
8733
5228
5796
8297
6215
20
7653
6480
8465
71
2530
8123
6171
395
6417
5829
3000
614
3557
5777
3611
6849
948
421
638
4380
7637
8158
8211
6619
5786
2837
3737
1674
218
4178
7987
4826
2419
3419
545
1379
6085
224
1282
675
2259
1828
3326
119
4871
2607
4213
6859
1540
5860
1716
7723
5508
3570
8458
4524
1638
705
50
8265
3511
2045
793
7553
4168
7778
7193
2998
3559
5204
4952
834
4596
337
7606
4018
4679
2072
2808
6725
7744
6922
2313
6553
601
5537
5960
8295
5882
3752
6117
6808
4103
4511
4010
3403
7540
4289
7083
2001
8664
6268
364
6739
3301
908
3808
6181
1229
5995
2424
7473
3714
2913
3298
3451
2830
7342
3280
3940
2166
1088
4542
51
6331
7223
5428
3639
4718
2827
2752
8319
6461
3035
6346
3158
8318
782
8191
1451
932
7933
3362
2186
521
8392
8425
7629
546
4287
8588
5287
4976
2034
4414
2948
4683
3587
4985
1976
520
1491
2317
2224
1561
6044
1853
8659
1274
8809
6110
7945
2842
1308
7972
5628
5276
14
1574
6043
3432
4183
1766
6684
4659
3740
4269
7084
7758
4635
2834
2160
3718
639
3240
7923
5163
643
7528
4741
6585
8035
8273
7937
7000
2778
215
571
3672
3086
8485
700
6094
4326
8598
7412
1114
5146
791
2198
2278
1082
5420
5809
2065
2753
2876
6814
7919
4921
6716
2247
3936
553
6077
3609
2261
3341
3386
2245
4053
7967
8231
1687
5021
5590
8423
2600
1431
4750
4816
2510
4391
7801
366
3942
2446
1593
4356
2216
4084
7961
6846
8498
5367
5701
7747
6174
7300
1059
3458
8174
7948
8386
4163
8746
5450
248
8490
4590
6222
7965
6833
753
3763
7538
4192
7037
8601
2434
2291
4451
5686
7852
776
3827
5635
7935
3944
3887
7184
1881
3974
135
5252
265
2262
716
7887
4241
4886
7863
360
870
4644
1633
6554
8353
1017
1449
1780
2373
5772
1194
4231
1262
7496
7551
6743
3416
5970
4223
5432
7901
576
1013
6141
70
6566
5174
156
6406
325
8239
6676
977
5715
5061
128
1344
6809
1432
5242
7938
3796
7181
3875
449
7927
2356
5721
5779
2988
2995
738
3447
3512
5050
2295
7845
3393
2828
171
8542
2129
5068
2222
7917
5202
8393
3469
7456
3363
7660
1220
3961
6187
8665
872
4889
1320
5360
4338
8190
1604
8340
7672
6036
2307
3600
7369
936
8725
8114
7123
7389
4720
626
7900
8315
2576
5582
484
7039
2543
4298
4449
2746
4622
4295
2363
6481
5037
6692
8735
1921
6297
8076
7257
8337
7631
5001
1153
2213
8361
8370
5297
5078
53
1192
6628
4214
5315
6249
988
4790
7166
5544
3937
1035
4083
6335
6450
1933
8071
8741
7813
5753
4281
4029
4729
6912
6122
4151
2333
3336
982
7483
594
6858
3510
1697
6393
2088
6037
4519
4102
1635
4624
8761
612
8312
7565
5025
5849
5820
7082
1325
98
8089
843
8481
8068
1062
7192
8651
5894
8758
7593
8278
8235
5419
3513
8572
3832
2847
7918
4111
2387
7057
4929
1538
6473
7717
7127
3359
4483
3983
6984
6218
3773
6605
2541
5697
3157
8771
4170
4517
2409
685
3116
6191
5871
2944
2506
5446
3106
2919
231
7308
7468
4337
3743
7240
2864
3339
7986
8539
6905
2889
4086
6749
3453
5629
3933
1513
8752
6260
209
7030
3136
4626
6088
2293
7601
788
1464
8083
1001
3801
6344
998
3839
229
7161
1147
1898
2036
751
489
6806
1714
504
5685
2657
4642
5116
5373
3955
1143
6949
6000
4808
2686
3509
4653
7799
3657
1335
4854
3676
6102
2710
2405
328
4652
6565
4567
2051
7463
6132
6612
6509
5467
2477
7485
547
1195
5409
3499
7817
3163
8456
5704
5438
6234
3483
3742
2308
3610
1002
740
1772
863
3701
3918
5930
8650
2729
3620
6829
1142
6441
4171
6934
2547
1792
6002
8818
3029
8216
7532
4520
345
4486
769
2458
1295
4680
1070
7070
4697
4583
2660
2276
8332
2059
6326
8350
2537
1208
269
4817
1504
4129
4685
6700
1761
4880
8101
5962
2641
5141
59
4085
5910
4500
5101
5952
6415
6425
6348
8653
7739
4904
1247
4096
7266
7234
4908
5858
8367
1487
6925
7959
2139
7256
4284
3026
607
1109
4369
5404
3069
7526
8689
660
5106
7371
3049
7079
498
2168
4503
2635
1022
5706
7075
5759
3247
1352
3130
3770
4658
6363
7788
1878
1140
4117
6567
7388
2125
8341
3397
2269
2029
6167
882
1279
6614
291
4353
4594
531
5023
3501
7897
3322
3426
4258
2380
3781
6677
3145
3966
3883
3823
1861
68
8729
2263
69
1039
5506
478
2683
5667
1961
5324
1459
6436
6831
3851
3632
2282
7373
4471
810
8150
7889
2109
5154
1954
514
5703
1360
6273
6551
3813
5671
8584
7693
3881
8042
3608
4987
4233
2783
3073
23
3037
3044
6182
2007
5513
8759
6658
3878
2345
6057
3619
2644
826
2312
8606
2404
7361
3460
1101
2320
8712
1960
4723
7169
4546
4461
8266
2303
4399
3
7881
7557
5406
5177
7815
7984
282
136
4407
6923
1318
329
4124
1972
7766
2774
3583
200
6498
6838
4322
331
8435
7347
5263
4953
7393
2272
2448
7641
7073
2260
1770
7187
6790
771
7180
3092
3137
117
7351
1576
5741
6401
4036
6907
741
928
8471
3739
8255
4107
8714
6164
1096
2739
6707
2375
8121
8352
1526
3094
5241
7370
4674
1506
6040
3176
5205
2799
3854
1524
1704
5856
1414
7016
931
4105
1489
8103
5214
7850
6048
7345
6972
8411
5821
109
7894
4061
1523
5597
7195
7798
5278
2677
8385
1241
8225
3268
6537
5314
2225
4254
6465
6674
5675
549
4510
8026
7564
104
6397
7043
6031
927
6352
7980
5545
6245
6733
3876
1201
2836
6969
319
1909
4386
1225
4138
5271
7979
76
1204
1030
1405
8583
8821
1781
1358
992
1347
1170
1518
4866
4310
519
2664
3360
7190
2243
7785
6308
5236
7137
416
4724
4722
7201
5569
1585
1743
3772
3041
323
237
7455
8289
2273
6136
4145
5294
7026
4311
5292
6074
5720
4406
8228
4463
6576
890
4394
1648
3003
8177
8680
7966
8829
3677
4936
7209
1896
2121
8181
4822
3229
2598
1445
4789
5091
7196
6054
3411
1668
4040
1793
5830
6843
7441
4614
2528
5402
4395
8025
7484
2551
8344
8461
5740
8558
8033
8226
3045
5363
706
2625
2004
1374
4320
934
24
3455
5822
5274
3030
5121
5107
2586
7875
1571
4341
7155
5319
1647
5309
7975
5469
2954
5249
5184
2080
978
8779
5458
78
717
7278
5082
3504
7032
8440
2058
2871
43
7360
5332
7010
901
2155
6394
4381
2515
1326
1016
6683
7210
5152
6127
8591
6904
7902
1065
646
6542
5079
6662
7067
7940
414
869
4600
8354
2936
8426
5750
2107
3412
3075
3437
5481
8493
4112
5554
6617
2115
6689
8351
7775
8293
4249
4327
7318
7931
6180
3128
1502
4440
1465
2628
1045
4257
579
532
5456
8528
8356
268
2597
3845
1689
19
5459
5162
1594
7825
6035
1032
722
3859
6787
4595
6580
1034
2798
1018
243
964
5735
123
3934
6765
3786
1051
8464
8163
1808
2674
3870
2833
343
7350
8142
6911
6492
1366
5714
7572
797
889
4243
8317
1910
3566
4678
8258
3745
4135
4699
6490
4605
4858
5781
6942
1813
1288
4764
7820
3728
1126
6376
7856
1417
35
8379
5863
3777
2101
8795
3221
6025
7506
5550
2896
6927
2844
4647
6724
2075
3848
3935
62
401
8434
6024
2332
8223
8304
5771
3681
8562
4618
2672
485
2353
5678
6272
2267
2140
7745
2370
1501
8419
5532
2829
390
2616
7168
3366
1108
2
7359
4497
1959
482
4671
3498
4315
6826
8577
1216
5931
3884
7651
8686
6803
179
3166
518
6114
1152
615
2287
4462
2797
7663
2257
1678
1117
2148
758
2440
7810
702
868
8527
6029
2570
3217
947
1104
668
732
7679
142
6563
298
2502
2803
373
3636
3560
2749
2668
8402
8525
7615
4017
850
6146
6590
861
5097
2465
189
8192
8793
6837
281
5185
2172
5473
711
2207
1044
5756
5536
3425
86
2466
6256
4615
8749
1622
5355
6065
5890
4801
2123
8366
4992
5967
2176
8550
5326
554
4401
4529
2413
4
1700
684
694
5744
7710
1203
4379
4540
7061
6280
1993
499
7962
5869
2339
3252
976
4649
1617
138
2619
5492
4742
5038
220
7003
5621
8195
963
3663
6190
8335
1154
7534
8737
3276
6299
4984
1424
7382
2534
2248
7384
8196
8787
7716
2804
5826
8727
7068
8084
7147
6281
2696
301
341
6438
4847
4910
7877
5836
6732
2851
2987
6257
7215
2529
5013
7398
2725
3515
6842
7525
4547
2053
8648
7490
3812
5711
5963
5416
8773
7205
2505
1121
974
8694
2178
4074
8611
7344
8555
8282
2779
3259
986
5374
621
7659
1645
4146
1764
680
6602
2601
4593
2772
8635
8593
8641
1361
6511
2519
6419
4062
1563
4260
2611
8760
1046
1234
954
8053
1118
7541
5926
8394
7383
3420
1011
3800
6300
7956
7990
7094
270
958
8747
3988
3399
8325
2082
431
7676
6063
6513
2361
1499
8684
7501
3307
4575
5978
1936
1534
7054
4754
2483
442
2558
7102
2950
6570
1783
7119
5229
8132
5074
6230
1196
205
5600
3124
2649
3143
2055
7731
3862
6779
2315
1239
450
7444
584
222
6995
5212
6896
1388
1497
7401
