4096
2224
767
1626
2307
1999
1087
907
531
313
597
1418
131
640
3004
3622
2791
1793
1699
3096
2304
3566
214
3507
2348
1830
1484
3283
1342
3797
59
2007
4000
3001
14
2801
2979
2275
2315
1495
3522
1292
3100
2182
3716
3623
1695
1949
1710
3435
2674
2766
1178
2051
453
2091
2145
1143
2849
1375
1899
1028
65
1572
1326
3158
60
480
582
1942
2073
3955
4076
3963
1469
2321
3472
3407
580
2146
3530
1836
3308
3491
3664
17
2854
1682
2647
164
2892
3261
2846
2454
1207
1779
376
707
1121
4030
468
1987
2680
3942
2820
3873
1152
3148
516
2639
1003
1607
2296
3208
2734
3034
1525
2816
1953
2176
2163
811
3306
1479
1711
899
1054
2303
577
1011
3788
2834
2805
1312
3661
2871
3176
1963
1068
3335
1565
1053
1062
75
2755
2387
0
207
3042
2312
2013
2568
1589
1654
3152
4049
3296
3168
2168
567
3982
2516
2043
380
1718
3370
3104
2159
2902
3113
3859
1031
2870
2450
304
3865
4053
3129
2457
421
2643
3597
320
931
1018
1395
3157
812
2710
1697
158
1649
2210
2995
28
2685
147
1503
66
1708
652
1347
1585
2222
816
1932
2784
3355
1228
935
612
3134
3521
3400
1128
993
3322
4069
939
1986
1032
299
3048
1270
1433
699
3692
2251
1610
2245
3397
33
3318
232
2597
199
1950
1673
2617
1182
3273
1567
343
505
222
264
731
2215
1618
2208
64
478
499
3430
3266
1160
67
671
3246
2465
1386
1795
1878
331
2596
3689
1820
308
180
1023
594
2722
2997
2280
650
1879
2472
3184
2684
2150
4059
2652
86
2939
2667
1330
2190
4042
3920
919
2757
2573
3451
1492
2565
1467
3606
3077
1483
2749
2004
3588
1562
1863
634
3635
3532
2943
2923
894
2811
3932
2689
2258
2522
2948
3514
3305
4008
3384
2439
4027
510
2620
3867
525
1188
2812
3078
3554
633
2010
2910
2229
2199
834
3066
1621
3062
1164
2949
3047
69
3719
1507
506
2370
941
2930
3931
3220
2311
2483
94
294
1592
1277
1929
862
773
1043
3268
1193
2083
587
3291
2174
1969
3849
1952
3240
1847
3181
1534
3383
921
2578
951
1110
1061
1514
974
1324
1833
891
1729
3866
2970
4061
431
245
2434
3682
1864
124
1614
3172
1137
2186
2964
1887
3828
2405
36
2326
2912
2074
3475
1329
1088
651
3330
3670
2799
1907
680
535
336
4088
2593
2356
1661
2157
3130
3947
832
750
3092
875
4052
1675
3913
626
590
2464
303
3983
2089
1866
1416
1690
2474
2111
1742
3759
2580
1705
2379
3562
3036
1812
3817
412
3118
3758
2343
1768
3033
350
1920
861
3832
422
649
2271
2550
4083
3071
1909
2934
1689
3895
940
2890
1946
425
1428
2962
2257
1794
3651
964
2990
2676
3620
2328
3769
853
3905
3465
3162
428
1954
2707
3643
3446
596
2413
782
3070
323
1231
3331
4078
2751
648
3968
352
766
2665
3210
622
3523
3812
444
1848
2764
2160
882
849
160
1138
3016
2355
282
256
3512
1656
2313
1336
3299
3428
118
1872
3195
2887
617
3801
4067
2480
1301
3783
3206
866
395
1975
3160
197
3649
2832
2609
385
89
1683
805
171
2933
169
2352
2936
400
1361
3749
1732
642
100
3439
391
3410
2762
3928
1700
2959
1017
3861
1867
1165
664
3371
3787
2540
2353
1305
3398
2570
1257
2624
513
3282
1855
26
3589
1407
2172
436
877
703
2679
3284
3236
102
878
1869
1829
772
1774
3365
1366
1378
152
3414
3786
1679
2907
3315
332
522
330
3738
3683
2747
2128
706
3946
3605
2739
3843
1276
198
6
3525
3540
1672
2494
1517
742
2985
3573
1421
1622
1698
3915
4003
2664
2584
818
4038
3238
2342
661
3289
2533
3708
1410
2827
12
133
2287
2396
1521
3011
244
1034
2501
2730
1809
2612
3740
1687
1186
178
2606
2502
3413
3476
1171
1144
3869
2016
3685
3864
2782
2192
3385
1856
46
1916
2773
2718
725
145
3021
672
1642
3388
1537
2109
2407
673
1044
3789
3953
1751
732
3927
3970
3863
1041
1157
341
3300
426
2138
2692
1915
3444
3967
1875
73
1090
1063
3014
872
3528
3590
1843
3222
1320
740
984
876
897
3193
3608
656
3341
969
3922
1958
3214
4028
3715
3561
3981
2515
2127
3796
2531
1108
1101
3709
2978
2633
533
2981
1666
1702
200
1831
3087
1072
2144
3524
2770
1652
2487
2324
2566
2335
208
3205
424
3650
923
399
2147
1996
537
1519
960
2780
3977
262
1183
1972
1081
466
1934
3325
3120
2656
2980
748
2466
2426
476
3494
1472
1485
1050
2038
1432
2588
1097
905
1992
1082
2894
1765
3122
136
1244
2778
2960
958
3063
2860
3941
2847
1893
2374
18
2649
3628
855
4029
1253
1387
4031
2256
1357
3697
2873
3583
787
1367
2524
3870
1308
723
2954
3581
827
1623
2496
3392
3510
2920
3061
2608
1764
2383
3455
429
1066
1056
692
8
741
2880
3636
2724
1189
3002
3288
2525
2188
2333
2217
3637
3149
213
1
665
2206
3626
603
2737
1337
826
1208
1973
3537
3975
886
203
1713
1838
793
2869
1636
122
3013
1913
1384
2451
2825
976
1896
281
3567
3957
2475
599
4016
3933
3110
3346
2033
942
1575
3265
20
1881
3582
1417
2327
1256
191
2183
1025
4036
2247
3768
949
542
184
1169
712
1388
3574
836
2758
3278
2682
1748
2840
3771
2653
2238
2081
3336
916
390
1900
489
908
3112
2458
2059
1616
3638
3811
1092
4005
3686
3114
2729
2414
2669
3076
1726
1559
274
1925
629
3737
1447
3142
1850
2628
3231
325
248
3972
3657
3105
216
3425
1251
356
1625
1647
1922
1029
3440
3765
1628
932
896
140
3960
2277
1102
681
72
2167
1033
1103
1245
3730
1153
971
602
1291
2598
1523
3045
519
1664
1281
2062
132
709
3334
1408
251
3938
1600
2237
2509
2938
3529
2572
2202
2925
3558
1688
635
1024
817
340
471
2759
3038
770
2269
1487
1284
1619
2986
3106
1190
678
3613
557
3853
1633
1012
2087
3910
1401
1030
3548
377
843
2065
366
1984
3049
2728
2306
2045
1451
2423
1390
1406
3445
3990
389
381
2542
1603
2123
2373
449
4044
1571
2135
3452
1980
1778
2503
1506
1243
107
2102
3658
3739
800
3141
2686
3705
1154
3503
3926
3277
1344
659
3485
569
2508
3612
165
475
193
1761
87
3081
1350
2717
1311
3058
1099
4017
2641
2404
3621
605
4063
35
2489
2844
3930
2057
1002
2359
1640
2116
30
4075
4018
1874
1380
1122
2790
1845
3901
1678
2200
3233
1985
1327
368
255
317
3838
1250
1712
1059
3457
4022
3260
953
792
2944
2810
530
206
3367
228
1676
2610
3676
1368
2881
3337
3133
2433
1220
128
91
3934
3150
1318
2968
503
538
63
1290
716
1727
2725
1446
1945
3194
1885
795
318
236
3603
3307
2879
1404
2248
3976
1162
2852
3887
3353
636
4047
1217
1906
1497
502
3892
1440
1792
3015
881
4034
3342
2260
1123
2688
3666
1940
1693
1646
2634
3681
29
1241
1185
3271
3944
1694
2449
1826
319
3550
3000
183
3752
3615
1147
44
4001
619
3497
927
892
563
578
1951
1785
45
3712
4072
851
912
2294
3295
2263
1766
3429
2273
2442
3860
925
623
2265
1113
2035
1895
3576
1936
1450
2955
2940
2745
2561
630
774
1651
3456
3856
3511
1413
910
3991
260
2221
959
2611
946
3357
824
1494
141
3460
2535
2715
3824
2592
3868
4046
2738
252
1409
3249
279
643
15
2989
271
1289
943
2950
1348
981
2681
2861
1928
3741
1641
50
1524
1505
1100
2589
1363
3731
2094
2993
3140
2029
807
3578
2155
3431
2317
2152
371
1396
3272
3898
1280
1278
2351
2266
462
1142
2893
1176
335
1832
301
3516
963
3136
3805
1816
195
1707
1427
2196
3883
559
1629
3387
3138
541
1197
606
2942
3734
3917
589
1200
3557
729
1997
379
695
2929
2031
2384
550
1412
3471
985
2070
3463
512
2842
137
3269
364
3857
3980
103
1268
438
1004
3912
903
2694
3694
68
2541
624
3703
1328
2957
3804
595
2017
1080
1612
2952
677
1334
3674
119
1252
2493
83
3744
3726
2505
2900
143
4058
2230
2703
3630
3710
4084
1983
2179
2068
1073
657
3211
1430
2965
3473
2527
2830
3594
3234
3366
1553
3943
1192
423
2931
2234
374
2132
3693
2585
904
261
2227
747
3165
150
1233
3841
418
2002
53
621
3026
2557
1663
763
983
3028
333
2133
3438
2886
1132
2262
771
3320
1225
217
1931
32
3851
610
284
1201
2768
3006
212
511
447
3571
1631
2090
1971
1658
585
3441
2994
472
2971
3846
2648
702
1352
2839
3884
394
3647
473
637
2723
2646
3075
3675
1581
1332
2605
2491
2397
2772
3954
477
454
1397
3139
670
2197
1269
3579
1466
1482
3230
437
1261
1638
2189
3766
3999
628
3404
121
785
1844
111
4066
1452
3584
286
3704
1317
1948
3161
392
486
2391
631
1635
1149
3501
3186
182
1981
2040
2175
2281
3109
1667
3598
3880
1884
40
3450
3914
3279
3809
168
1076
420
2148
1991
3907
3356
2459
674
2510
1107
37
973
1196
2661
865
81
1964
3819
2901
267
1870
3757
507
2360
74
3831
3745
2513
3844
2195
1790
1374
1488
2714
1734
2659
3663
240
1583
737
1465
1181
47
933
1967
4081
1767
3270
3154
2378
3484
1937
3252
247
4089
1532
1901
3328
1077
484
52
3343
3570
3423
3242
2050
561
3821
1222
3733
2225
2789
2613
1759
1758
1898
1957
3552
2052
1736
1376
1752
88
1131
1114
2966
2603
3691
1775
3667
3536
2915
1369
647
755
1441
2532
2539
474
2086
4032
544
722
1474
1857
3287
1116
2650
3255
1389
2476
989
482
2699
2594
3601
751
1789
3167
2173
3908
570
322
2151
2072
1868
2009
3094
1747
237
370
1536
2436
581
2141
3923
4
3711
2203
1803
830
3504
1602
339
2560
1783
562
2733
3646
1209
1800
2991
238
2430
1580
697
1471
3624
2082
868
2833
2951
3784
534
555
694
2716
3377
691
2085
3619
2049
2499
1880
2662
3777
3394
2579
1117
469
1805
2392
1576
1608
2061
2569
2530
3495
3293
1725
2053
2071
831
432
3403
4048
616
820
967
3054
885
3761
2806
1904
2726
2506
2380
2345
2185
1288
450
1639
2889
2769
2142
309
2567
828
2736
944
105
2479
3878
3858
1258
463
3253
3847
2080
3679
2338
233
3462
1490
552
1124
3326
1265
4002
300
3984
2455
1362
3826
76
583
3728
1042
2897
992
3102
2276
536
833
2814
1496
2582
167
2492
2319
2859
2779
3379
3198
1501
1298
3424
3950
3722
2663
2448
1070
129
2347
998
2865
2935
1286
2096
2918
1533
3604
3879
3352
250
714
363
3217
2390
204
2139
1530
1198
495
655
458
1309
397
2488
134
1491
3466
2469
950
403
3974
2746
2660
3763
3790
3956
315
2023
1917
1014
3464
915
227
2645
1470
410
2843
987
1229
3046
2288
321
1609
3800
2112
156
1730
948
3921
3916
2927
161
177
2785
1175
1520
917
2364
3427
593
3906
312
3542
3600
3147
1382
3309
789
3360
416
955
3633
3518
396
1279
2411
1755
3182
3587
3937
2547
869
2299
3770
517
2108
268
1457
273
2432
2975
3541
2776
3025
1637
1662
3029
3393
3698
765
2177
1814
1191
3369
1448
1399
2063
1822
825
1804
1213
234
2231
3900
3027
22
1558
2702
1074
1319
879
2331
1091
2863
276
1038
2032
3952
435
2305
2066
3125
1989
1046
3200
2754
2037
3461
3237
2961
3329
445
708
2209
358
3422
2422
1740
2184
3188
361
3358
3833
3599
3881
2763
139
2339
710
316
3489
1224
1733
3192
278
1035
4068
819
3486
4050
2169
2047
2632
1717
2309
2577
3882
2180
3653
873
4021
1908
2386
2956
1731
2382
2026
2945
2000
2630
3714
3660
715
4041
2823
1518
3948
711
1354
2274
1437
4025
2330
1240
2092
2824
125
1772
1601
3020
3389
382
1335
1478
3794
3919
439
3483
2058
2320
760
2100
3701
1568
676
3339
3835
1611
752
41
2431
2295
3290
3267
2463
2272
1782
174
1821
928
3546
3496
548
2819
3629
55
25
106
3163
1897
2103
796
1561
3257
3415
3842
1498
2946
1275
991
2599
151
173
1489
3420
1051
3361
2549
378
2130
2562
3065
1930
1297
3245
736
1513
3798
7
2817
3547
528
2021
2367
1434
1743
3221
492
2346
2239
223
117
1681
1429
2721
1979
3327
277
727
306
225
1009
3672
110
159
3816
2314
2165
3625
3616
4006
2947
1956
3687
3153
1819
2354
2750
3553
3935
1535
2285
3405
327
3332
3902
3156
4085
1249
253
1140
1422
2691
2279
138
1974
794
1248
3958
952
532
1659
1211
3032
3839
31
446
1234
3207
2775
1266
3909
2137
219
162
172
2558
113
1055
734
1060
2030
3386
2698
2928
3
3563
2743
2095
798
4056
1771
1371
3945
1477
3311
1944
3166
2517
3024
464
663
994
584
1617
1459
1791
2308
3143
3090
3151
3135
3072
1405
2829
4045
1873
440
2756
2921
3316
367
3412
2278
2115
3349
859
995
684
3433
1696
2478
2545
3121
2802
2625
682
1859
966
2705
2586
3050
880
781
1849
4087
4007
3498
3591
846
404
518
2878
3939
2194
2235
3627
3174
1322
1295
2316
1155
2623
101
4070
3012
1398
2484
775
3467
2913
1825
934
3411
735
847
1212
1254
982
2036
4095
893
2528
926
481
1777
1089
4094
3297
2771
1613
2792
1823
523
566
874
2216
1215
1339
2253
2671
3632
3203
2409
2988
2334
3229
852
1221
2371
3226
844
2069
856
2039
1227
2607
2727
176
1835
56
2076
900
1770
3372
2554
2201
2078
627
1722
821
1214
3645
769
601
2416
2504
1550
2932
738
1905
95
2837
485
354
3973
1919
2486
2477
1773
3840
3696
3762
1720
947
2564
2507
611
2637
398
496
2983
2419
2
3187
1078
3073
3099
297
3317
545
2937
1786
3792
2254
189
3173
3417
2864
2460
2060
1168
2067
1620
3079
790
2162
3872
2587
575
1307
487
1158
1194
1787
2369
3707
3779
2028
2034
1703
1238
762
1977
2471
1216
1126
1902
1392
2627
2600
1294
185
521
2242
2571
1546
4039
2511
2124
2521
698
1293
4011
1529
2815
289
3889
1754
3059
1543
3677
1837
1554
1677
1135
290
1692
2193
3607
1419
2803
2760
2514
1818
1582
1415
5
461
3319
3084
1015
310
2400
1511
1237
1788
1273
123
3992
961
3818
2774
2443
3035
2027
2498
326
433
2075
120
3479
3808
854
3891
296
972
3224
1924
1005
2344
2099
3131
1402
2403
192
1313
1970
2752
2044
3436
3056
455
835
2523
3406
1464
2406
592
1364
275
1888
822
2310
3795
2552
558
3791
3785
1455
4071
1865
1271
686
190
1057
1746
2292
369
2783
1314
1439
618
4051
3348
930
2916
2876
514
586
3807
3531
669
1721
3492
2850
2553
388
2055
675
434
2207
3965
613
3434
393
349
342
1394
1961
3743
1876
3750
1426
2410
3718
2512
1982
1340
911
3642
3244
2922
2967
1039
2211
4004
1377
1757
205
1871
3178
1860
685
1458
1615
3477
3732
491
2677
3505
3648
142
2626
43
442
2709
1172
459
2862
4062
3998
922
62
3971
3747
3877
1000
1094
3199
654
778
1668
3854
579
3008
1527
1359
841
3985
2381
2325
2895
1148
1903
2424
1174
1704
1383
265
2114
3171
1994
2297
357
1338
2395
2064
540
758
2642
2877
1918
3592
1163
3702
4057
2996
929
1806
1801
3793
2153
3093
3202
2291
149
638
2885
1605
4074
359
414
1111
526
3855
3447
3007
3468
1500
999
235
3204
3610
2906
3609
2136
2300
1810
4093
3924
1508
2302
3101
1052
739
3799
607
498
2536
3040
4054
1701
2377
3170
2226
2808
3068
3258
483
2704
786
1846
2712
1444
3997
1851
3875
116
4080
3060
726
2120
901
4077
417
2131
600
2696
109
2022
1978
2366
3169
269
3776
2361
3720
362
2349
909
135
3227
3538
402
24
1036
870
413
3721
3996
1454
3019
3644
452
2470
1351
1990
2244
2845
3502
2621
2644
1119
704
1965
2683
2781
3836
2583
1739
2006
1657
1763
4015
3896
2020
2977
1684
419
215
3453
2481
90
2786
2574
1671
324
3235
806
1753
2719
3700
814
802
3585
1815
4092
2358
188
1159
2969
4073
1557
977
784
3551
2563
3321
2495
1588
2233
2154
61
1476
2972
3201
3274
3368
1813
837
1001
1236
3304
2368
1206
1461
1624
906
1219
1349
3250
2170
2838
2741
13
270
3469
1593
3323
3978
3248
500
3736
2987
3500
2896
527
1414
226
1579
3395
3374
187
2867
3555
2655
314
898
968
3699
1325
254
2198
1274
3039
3247
2284
153
2735
4014
850
1296
2204
2441
2048
3994
239
1262
3454
504
2270
1423
293
3513
3408
2468
632
3458
3103
3177
3820
2638
2118
1719
1460
3534
1724
241
2818
348
1040
756
884
3993
3338
3490
2899
406
2559
1385
2958
77
776
1134
3596
745
986
3756
2264
1093
3533
2700
2796
3470
3539
1509
2003
871
962
3376
1644
49
220
2283
3688
754
1962
3442
529
3508
2908
1133
2117
2693
936
79
2614
3474
1480
719
2375
1393
2088
3988
1013
2753
813
2205
175
2418
1129
108
701
2543
1226
1365
2631
753
201
2187
1807
3480
3225
3746
3041
1184
3665
2858
3772
2800
1551
1632
2866
3876
1598
2787
980
524
285
3959
1310
3080
3175
2322
3086
373
1007
334
1095
3196
2891
1966
2673
3155
2601
3402
3119
1563
4033
3713
2793
3189
1139
791
1648
493
1303
2687
839
3577
768
2461
3580
1595
2765
1341
2982
3925
3781
3802
2161
181
2556
1195
887
700
2544
1538
4023
2191
1445
3259
2134
355
3347
3814
3051
1156
2156
547
2421
1630
3396
2668
1776
3690
3813
1358
2884
1355
3897
1442
2697
683
92
543
71
3803
441
1058
1285
3751
1709
186
11
3351
1827
405
2129
3724
3874
1333
658
2445
58
2385
3340
82
2622
1738
2337
163
3350
3526
1685
3256
127
1515
242
3652
1566
1811
3949
1079
3893
2794
1686
337
1499
957
1027
2856
743
889
1475
3549
1784
1645
1282
604
210
918
3375
1597
3183
2012
744
2268
2255
1345
1941
3264
3089
2250
1745
1075
3556
3543
829
1933
3727
2616
2011
3364
804
501
4009
970
1167
230
1799
660
372
54
4024
3057
387
565
1223
1210
490
2079
3107
3085
724
560
3228
1218
98
409
360
3886
2018
1522
3437
2181
2903
305
978
4019
1590
3108
1914
3124
338
1177
867
80
1735
3618
3725
3929
1356
3381
1560
1947
3362
1016
1106
2267
2440
287
860
84
479
448
3559
3378
2534
3899
154
344
2748
144
2444
1545
1797
2581
3979
2618
2678
1834
345
997
1842
246
383
1391
2249
1064
3218
2883
3961
1910
3560
3478
3753
2732
2456
1343
1968
3145
2447
576
2119
2241
3778
598
2228
4090
2914
1260
2389
3426
170
1463
2911
3482
1150
1436
1136
3654
3030
2963
2110
1242
1473
3179
4091
1435
93
3443
3969
1660
2402
2973
3191
803
1304
653
1854
2394
1680
2984
1938
2804
1955
1861
777
2848
3641
749
70
1098
1995
23
2777
3823
2836
2289
196
779
2223
845
954
1300
1549
1104
78
1531
913
2761
1741
3095
614
1083
2909
2874
427
1528
3409
690
126
1541
224
3575
3064
38
280
2919
3115
488
1959
2555
2835
3082
788
3324
3593
2576
3263
4035
3764
3254
16
2462
408
1179
1247
1462
2821
430
2872
3419
3669
3871
3354
815
3815
1096
1750
3159
1889
3185
2323
3449
3602
1862
733
2362
2788
3022
1481
1230
4040
608
3962
3964
2953
3506
179
1504
3517
2140
3810
2429
3251
2518
2941
840
272
2706
667
2025
1780
1372
257
759
2164
3044
2595
1883
965
3117
1577
3659
1146
1141
761
3382
1370
3834
211
2999
1065
2841
3241
3852
3069
2336
1486
2246
1263
2105
2670
1604
2875
3987
3760
3723
1306
1547
615
3132
1853
3391
2056
2388
3164
549
564
1315
2690
3848
3213
3569
460
3595
259
1852
1264
1877
3617
2008
679
411
1943
2240
1120
4064
218
3345
2178
365
2826
3448
2602
3010
2428
2107
209
375
3806
1526
1796
1594
1802
3936
1540
3545
2171
2357
1118
2619
1706
3655
1381
1728
1744
572
625
4082
3003
3493
1556
2882
1400
1960
646
2695
554
3825
2828
3568
3212
346
443
1714
3564
4013
848
1976
1173
1202
1586
283
539
3519
520
1824
2236
3544
3520
920
2657
924
2024
2526
2672
3280
3680
1246
3822
1449
1010
1199
662
1993
2831
1988
1493
2604
3668
3695
3995
641
858
97
2084
3780
1502
1569
1574
797
2446
2126
2654
3197
3515
2575
1516
3116
1749
574
3126
3232
1715
1555
639
717
1203
979
451
3986
2054
2740
975
3754
2125
2435
2992
2795
2974
666
1205
3285
2529
2282
1578
3359
1927
2851
3904
3055
1019
1552
1591
3128
2097
883
1841
3782
2731
3298
3459
1573
1935
1085
2232
34
2490
2001
2213
1939
1037
888
2408
2158
895
3399
3678
3940
1453
1894
3262
3421
292
3137
1403
2640
2888
3535
588
1420
3527
3684
696
1321
1599
3401
2286
1259
1760
689
1882
3053
166
2417
351
3009
48
2467
4010
764
728
401
3640
2437
2853
3845
2220
1737
1443
2497
307
3023
3067
2917
311
3344
3894
1331
553
202
996
3488
3611
266
645
956
353
1069
2615
2538
2868
2425
1584
456
730
2212
1316
746
3890
3017
1346
3499
494
3837
3481
2485
3586
3018
21
2015
2398
1125
2635
39
3830
3911
1716
668
3742
3276
3373
291
2252
1021
3123
3209
221
3314
1921
1438
3885
2548
2113
1008
2590
3966
573
386
3239
1456
1510
988
3706
1022
1926
1548
3989
863
2293
4020
2629
302
688
3097
556
3614
2857
3735
1071
1047
1283
2905
57
2798
2014
3656
1570
1762
1255
1650
1756
3223
1858
1665
470
1431
96
1353
3862
914
2261
384
258
2904
509
1542
2797
194
1048
3767
2546
1544
2042
2813
263
1723
3903
1105
890
2218
288
2452
3888
457
3717
155
2332
407
1634
1892
1187
3144
1468
3215
1360
2077
3671
3083
3631
1170
465
2519
808
1267
1828
2711
2350
1145
3052
347
115
2372
4065
693
1653
3918
2318
1817
515
2473
3310
3509
2926
1239
3639
3303
1655
130
3091
609
3487
1373
2005
2537
1669
2998
4043
3662
2298
780
1151
2720
497
3850
415
757
1596
2166
3773
857
243
2551
644
2427
2822
1379
3748
1912
3432
1020
3416
2855
1691
801
2438
568
799
3243
4037
2214
146
2149
3088
3216
1166
3180
2290
3418
1564
3951
902
2019
1424
937
2301
2121
2708
2713
9
4012
2393
329
328
2742
1026
1302
1425
3281
1798
2591
3074
1512
1084
2651
3037
19
2666
4055
1112
3111
1232
571
1911
1204
3729
1299
2106
1890
2453
1670
42
990
2401
3565
2219
3829
467
3390
112
3286
2767
3146
3127
721
1539
3043
10
1643
1998
2046
3098
3190
1839
2399
3572
4079
1840
3827
2744
2341
810
687
3673
2104
3005
2041
3294
3301
1006
2376
591
2636
3774
27
551
3275
1049
157
2412
1130
2898
2701
2101
249
2122
620
2340
1272
1109
1674
705
3219
2520
713
2658
2482
3333
2093
3775
2924
298
1161
2365
2807
1127
3755
1115
2363
85
1287
114
1781
3380
838
720
1067
1808
3313
1627
2243
1886
2500
823
1411
2098
1045
2329
842
864
3634
99
2259
718
938
3363
1769
809
1086
2675
2809
2143
1180
945
229
2976
295
1587
4026
1235
231
1891
3292
3312
104
51
1923
1323
4060
1606
2415
2420
4086
148
783
3031
546
508
3302
